-1.629553254714408150e-02
-9.047936135850126460e-02
2.646417965110887255e-02
-3.016968955073594943e-02
6.879441573300032475e-02
-1.394953360791855584e-02
5.042676620722295888e-02
-2.002233880041403430e-02
7.313038818404782315e-03
-3.016103179299790826e-02
4.305201671831334308e-03
-1.454899876034890845e-03
-1.365998034812789669e-02
1.724860636693511043e-02
6.554398920735210465e-02
4.361540505350083516e-03
2.836338129854790863e-02
5.200734556568395797e-03
9.378627369866106983e-03
6.823793825351850105e-03
-3.034723188771682768e-03
1.312321855731803794e-02
1.286262415870140230e-04
-5.529407304398624434e-03
-5.741243157290843585e-03
1.454173789772979231e-02
-2.396342499977013800e-18
6.341468605259483294e-19
4.370199862044796615e-03
-4.153957434623082451e-02
5.178727547127250780e-03
-5.043286434916113142e-02
1.572795174636155285e-02
4.575881786665537791e-03
