-1.268324340448250334e-02
-7.425430097764841586e-02
3.445102374443264476e-02
-3.317035343052889690e-02
6.034806034976911149e-02
-1.536935815334742467e-02
3.399274017111959117e-02
-3.182029513161307999e-02
8.217973094549043886e-03
-4.358795528617503273e-02
1.612326535900868683e-04
-8.752697151678975190e-03
-4.066625354126704450e-03
3.916691399483687719e-02
5.640310644316716415e-02
9.487040314100787450e-03
2.966855863830295675e-02
1.014675938239823546e-03
3.427847168668916866e-03
-4.819022289714584850e-03
-5.678439633677598644e-03
9.154284074592750758e-03
1.908653226778020797e-03
-6.754770368262645423e-03
-3.577271541060625913e-03
1.707364952641558450e-02
-4.991159999381747548e-19
7.374709765581439809e-20
4.511451829337733560e-03
-4.703813049098285598e-02
2.766850550586319544e-03
-5.556771588611804369e-02
1.674003587108641514e-02
3.593498023400331677e-03
