-1.633594533752400976e-02
-8.977034415022655534e-02
2.729218496425033294e-02
-3.092492407183751457e-02
5.332663514476046474e-02
-1.470086118156109165e-02
4.512768638951739075e-02
-2.392282963419654906e-02
-1.093788739682232010e-02
-5.865577241705069444e-02
-1.370938727865813125e-04
-2.926718304366204143e-03
-9.841913414065329643e-03
1.000029248702318310e-02
5.302653676645747993e-02
6.627134537299949127e-03
2.499849542238075442e-02
4.277328908372256266e-03
7.870023528026867318e-03
6.027005784136152053e-03
-2.682266898466862965e-03
1.225038761197436848e-02
-1.832538918559597618e-03
-6.740383065609864728e-03
-5.499419131924560868e-03
1.756898054245361121e-02
-2.016277769892099444e-18
-1.750562076864961683e-18
4.637725466256281508e-03
-4.626852223636278988e-02
5.501669321923288204e-03
-5.127643570698531966e-02
1.895262843989510906e-02
5.625245788976176997e-03
