-1.397914115927497911e-02
-8.124570231350272675e-02
2.965390823757264871e-02
-3.205112262101628834e-02
6.155926482759822155e-02
-1.560430345292536033e-02
4.707948870241696754e-02
-2.355791988725826347e-02
4.795176484288449573e-03
-3.630338069743851981e-02
1.803180431666636394e-03
-6.930732760361796307e-03
-1.072351783576759761e-02
2.262364651681395000e-02
6.357539898416553203e-02
6.459767311049368493e-03
2.866119646337513677e-02
2.452981615057968443e-03
7.004865755363186806e-03
3.765864822943251148e-03
-3.300622261277320110e-03
9.431571034375824808e-03
2.879387936181435938e-04
-7.332622448752112304e-03
-2.676392939774902956e-03
1.902238683880465991e-02
-7.964726754784640258e-19
-6.773579846019859898e-19
6.214355579083419637e-04
-4.958040124188717312e-02
5.113096954771823369e-03
-5.227554053380199794e-02
1.470202683331886875e-02
4.231767326634932637e-03
