JOB 0
COORDS  2.0985395030e+00 -7.3352133047e-01 -3.6187762264e-02  7.7994011628e-01 -5.9147342033e-01 -4.0043198413e-01  2.9640269242e+00 -1.5626546316e+00 -9.0726690868e-01  4.8101042285e-01 -7.9834755503e-01 -1.8422575110e+00 -1.7530959006e+00  3.1702384122e-01 -1.9792472322e+00 -2.7790605986e+00  7.4051859807e-01 -3.0148415642e+00  2.3312234535e+00 -2.0327093990e+00 -1.9511843357e+00  1.5606270796e+00 -1.0453172570e+00 -2.5449501143e+00 -6.1715237297e-01 -2.7414958549e-01 -2.5156813595e+00 -1.9345641987e+00  4.4864890897e-01 -7.7592245194e-01  2.4386402459e+00 -4.1136864094e-01  9.4352809346e-01  2.4203871025e-02 -2.0442081019e-01  2.7030968586e-01  3.7954538035e+00 -2.1380282792e+00 -5.0287041330e-01 -3.4829211935e+00 -8.3182262272e-02 -3.1759200911e+00 -2.3332987532e+00  1.0061535681e+00 -3.9775430124e+00 -3.3378711089e+00  1.5907639447e+00 -2.6222680722e+00 -5.4188816685e-01 -3.6829416027e-01 -3.5237309249e+00
ENERGY -4.723169966999e+02

JOB 1
COORDS  2.0733988383e+00 -7.8834156966e-01 -8.1135418400e-03  7.6864189150e-01 -5.8619877133e-01 -4.0532526761e-01  2.9263451222e+00 -1.5560975158e+00 -8.8653456618e-01  5.1097635163e-01 -7.5991746083e-01 -1.8217824032e+00 -1.7308687614e+00  3.4672618946e-01 -1.9732420655e+00 -2.7721308926e+00  7.2286761111e-01 -3.0121926192e+00  2.4006377081e+00 -1.9712302901e+00 -2.0236695635e+00  1.5467749603e+00 -1.0672454085e+00 -2.5872612492e+00 -6.0865792356e-01 -2.7533634117e-01 -2.4975142842e+00 -1.8933497081e+00  5.4239094352e-01 -7.7497487143e-01  2.4032555377e+00 -5.0773746586e-01  9.8777545585e-01  1.4282134333e-03 -2.0543343416e-01  2.5536360984e-01  3.7938867985e+00 -2.0965566556e+00 -5.1352319475e-01 -3.4852152092e+00 -1.0203178793e-01 -3.1161162591e+00 -2.3418749762e+00  9.3234659158e-01 -3.9955877565e+00 -3.3171149613e+00  1.5978882513e+00 -2.6562457174e+00 -5.4629413530e-01 -4.0952251244e-01 -3.5016248101e+00
ENERGY -4.723494584912e+02

JOB 2
COORDS  2.0536939676e+00 -8.3988644171e-01  9.6469050433e-03  7.6844983636e-01 -5.6373314886e-01 -4.1564470772e-01  2.9101521686e+00 -1.5587075618e+00 -8.7420237928e-01  5.2679244518e-01 -7.3258117500e-01 -1.8150601525e+00 -1.7206586851e+00  3.6500128567e-01 -1.9710390681e+00 -2.7747421540e+00  7.1322007852e-01 -3.0070477954e+00  2.4622179344e+00 -1.9144513869e+00 -2.0700955510e+00  1.5189479748e+00 -1.1186320966e+00 -2.6133794129e+00 -6.0349185471e-01 -2.6619714100e-01 -2.4904405012e+00 -1.8704544017e+00  5.9415553525e-01 -7.7637654887e-01  2.3707818822e+00 -6.0222375177e-01  1.0209878767e+00  4.6755351900e-04 -1.6716332120e-01  2.3469088901e-01  3.8015692344e+00 -2.0653794770e+00 -5.1241194584e-01 -3.4888745599e+00 -1.1408299807e-01 -3.0797666788e+00 -2.3566007353e+00  8.9575779615e-01 -4.0009826015e+00 -3.3155300489e+00  1.5977261896e+00 -2.6684904021e+00 -5.5220736586e-01 -4.2699193999e-01 -3.4912886278e+00
ENERGY -4.723727648776e+02

JOB 3
COORDS  2.0345817609e+00 -8.8066184169e-01  3.3237064584e-02  7.7196205241e-01 -5.3629247760e-01 -4.1453149423e-01  2.8942582548e+00 -1.5603358493e+00 -8.5645391207e-01  5.4570321564e-01 -7.0047118449e-01 -1.8037156881e+00 -1.7091003675e+00  3.8259051067e-01 -1.9716544994e+00 -2.7747543128e+00  6.9796264094e-01 -3.0064678568e+00  2.5197449472e+00 -1.8463300734e+00 -2.1017290878e+00  1.4995852141e+00 -1.1563504027e+00 -2.6234206978e+00 -5.9420747878e-01 -2.5719323488e-01 -2.4821236074e+00 -1.8490108733e+00  6.4627392599e-01 -7.8239311479e-01  2.3344044845e+00 -6.9296059396e-01  1.0603262096e+00  7.7964800670e-03 -1.1446932344e-01  2.2428093200e-01  3.8151774280e+00 -2.0269500037e+00 -5.1633521811e-01 -3.4875460088e+00 -1.3266132836e-01 -3.0473907439e+00 -2.3673305724e+00  8.5185722792e-01 -4.0096587725e+00 -3.3142887776e+00  1.5909513243e+00 -2.6887390758e+00 -5.4782087948e-01 -4.4126720090e-01 -3.4791824682e+00
ENERGY -4.723880037328e+02

JOB 4
COORDS  2.0160167460e+00 -9.2043337482e-01  3.4634335132e-02  7.8354678870e-01 -4.9780710655e-01 -4.2996680931e-01  2.8738863485e+00 -1.5764973435e+00 -8.6255462147e-01  5.5887960372e-01 -6.7039872473e-01 -1.8111750744e+00 -1.7019469555e+00  4.0197398182e-01 -1.9795824108e+00 -2.7796628990e+00  6.8812730996e-01 -3.0104067575e+00  2.5541781177e+00 -1.7937922208e+00 -2.1407410730e+00  1.4674367261e+00 -1.2078486518e+00 -2.6408066051e+00 -5.8520810571e-01 -2.3314550005e-01 -2.4894132299e+00 -1.8330728851e+00  6.8723507867e-01 -7.9389788451e-01  2.3020735073e+00 -7.8024148095e-01  1.0731921739e+00  3.4018116718e-02 -3.5613662128e-02  1.9814698014e-01  3.8144359985e+00 -2.0147519901e+00 -5.3884457364e-01 -3.4740562902e+00 -1.5831122848e-01 -3.0441013137e+00 -2.3795112647e+00  8.4473608658e-01 -4.0161734765e+00 -3.3368649177e+00  1.5711817691e+00 -2.6956650660e+00 -5.4878107765e-01 -4.3996007343e-01 -3.4824618026e+00
ENERGY -4.723965197951e+02

JOB 5
COORDS  1.9998386195e+00 -9.5284037773e-01  4.3706300607e-02  7.9880511887e-01 -4.6070472508e-01 -4.3566153518e-01  2.8729594786e+00 -1.5727165581e+00 -8.6181755884e-01  5.7196885879e-01 -6.3780584005e-01 -1.8142529028e+00 -1.6956479798e+00  4.2075383350e-01 -1.9784402235e+00 -2.7862132754e+00  6.8042057491e-01 -3.0026883959e+00  2.5976706444e+00 -1.7088232000e+00 -2.1618718856e+00  1.4466763647e+00 -1.2407461408e+00 -2.6362919823e+00 -5.7745563211e-01 -2.1013771995e-01 -2.4898456889e+00 -1.8172199336e+00  7.2486378633e-01 -7.9635906653e-01  2.2633334637e+00 -8.6284615477e-01  1.0937805953e+00  6.3740753155e-02  3.2417581045e-02  1.8604567210e-01  3.8305168519e+00 -1.9788236172e+00 -5.4644439951e-01 -3.4781441994e+00 -1.6866925559e-01 -3.0085021561e+00 -2.3987068205e+00  8.1509312108e-01 -4.0165285855e+00 -3.3427183636e+00  1.5687215332e+00 -2.7016729755e+00 -5.4921584903e-01 -4.3293272887e-01 -3.4797157225e+00
ENERGY -4.723992538047e+02

JOB 6
COORDS  1.9799832016e+00 -9.9066663745e-01  6.0912628081e-02  8.1608616952e-01 -4.2951585003e-01 -4.3414760641e-01  2.8733347636e+00 -1.5805201256e+00 -8.4842734139e-01  5.8625388774e-01 -6.1247921672e-01 -1.8136162295e+00 -1.6858078489e+00  4.3550436867e-01 -1.9776530030e+00 -2.7875041717e+00  6.6883639041e-01 -2.9962357558e+00  2.6346509522e+00 -1.6310165930e+00 -2.1606031462e+00  1.4309107016e+00 -1.2833526698e+00 -2.6116903055e+00 -5.6652888565e-01 -1.9461240492e-01 -2.4886405805e+00 -1.7979677233e+00  7.6131558132e-01 -8.0059469988e-01  2.2158061945e+00 -9.4761842843e-01  1.1204816816e+00  9.8035446076e-02  9.6320763847e-02  1.8060497046e-01  3.8453020591e+00 -1.9529329203e+00 -5.3558498252e-01 -3.4755453406e+00 -1.8319306652e-01 -2.9766593637e+00 -2.4107789734e+00  7.8311108605e-01 -4.0166128347e+00 -3.3450733542e+00  1.5610470964e+00 -2.7089961639e+00 -5.4589895214e-01 -4.3520985098e-01 -3.4745131521e+00
ENERGY -4.723965279488e+02

JOB 7
COORDS  1.9577646358e+00 -1.0405870220e+00  6.7414584606e-02  8.3590114778e-01 -4.0993783124e-01 -4.3949321210e-01  2.8717568625e+00 -1.6092543532e+00 -8.4578301215e-01  5.9836383625e-01 -5.9587806354e-01 -1.8240262679e+00 -1.6762308457e+00  4.4655406343e-01 -1.9814178020e+00 -2.7913920923e+00  6.5691351657e-01 -2.9902787528e+00  2.6583257061e+00 -1.5669089781e+00 -2.1592965961e+00  1.4108824202e+00 -1.3383014909e+00 -2.5844163944e+00 -5.5853953658e-01 -1.8640243791e-01 -2.4948985274e+00 -1.7746575612e+00  7.9396770329e-01 -8.0973466152e-01  2.1652597284e+00 -1.0414682194e+00  1.1337046903e+00  1.3947669486e-01  1.4879080545e-01  1.7110662767e-01  3.8573792442e+00 -1.9445297806e+00 -5.3330323777e-01 -3.4735470295e+00 -1.9907851382e-01 -2.9489437990e+00 -2.4273008972e+00  7.5686229028e-01 -4.0167213376e+00 -3.3512806074e+00  1.5501996036e+00 -2.7110230528e+00 -5.4913000718e-01 -4.4517225191e-01 -3.4762916212e+00
ENERGY -4.723880167027e+02

JOB 8
COORDS  1.9372618958e+00 -1.0842205997e+00  6.1187558447e-02  8.5688674388e-01 -3.9138414818e-01 -4.5052997300e-01  2.8803885163e+00 -1.6263684268e+00 -8.5971612752e-01  6.1189790729e-01 -5.6611492041e-01 -1.8485706700e+00 -1.6671811946e+00  4.6670918189e-01 -1.9887760412e+00 -2.8001297765e+00  6.4879005611e-01 -2.9830317334e+00  2.6826307310e+00 -1.4727697204e+00 -2.1615196547e+00  1.3987284403e+00 -1.3692526070e+00 -2.5603777577e+00 -5.5639510041e-01 -1.7661275381e-01 -2.5077300195e+00 -1.7441561882e+00  8.4408431914e-01 -8.2534024105e-01  2.1146392601e+00 -1.1311762452e+00  1.1317796512e+00  1.7905806425e-01  1.8770791941e-01  1.6207005099e-01  3.8817436557e+00 -1.9096377349e+00 -5.4463961146e-01 -3.4779587203e+00 -2.0847608010e-01 -2.9093490909e+00 -2.4539761348e+00  7.2486018204e-01 -4.0176998518e+00 -3.3586469791e+00  1.5466455180e+00 -2.7160285649e+00 -5.6226149480e-01 -4.5397173981e-01 -3.4840539299e+00
ENERGY -4.723727819077e+02

JOB 9
COORDS  1.9044655514e+00 -1.1335354932e+00  6.3836595098e-02  8.7304284479e-01 -3.7619048905e-01 -4.4951549092e-01  2.8845257961e+00 -1.6439091103e+00 -8.6779244426e-01  6.2003951057e-01 -5.4176042970e-01 -1.8677652938e+00 -1.6610547913e+00  4.8448238834e-01 -2.0009757134e+00 -2.8067478768e+00  6.4011496766e-01 -2.9846838012e+00  2.6937168473e+00 -1.3792648221e+00 -2.1465158853e+00  1.3796042188e+00 -1.4114271967e+00 -2.5157507518e+00 -5.5538482756e-01 -1.7110363688e-01 -2.5204291536e+00 -1.7200195975e+00  8.9295837826e-01 -8.4775055974e-01  2.0540012579e+00 -1.2188935354e+00  1.1360709816e+00  2.0862980652e-01  2.1415623432e-01  1.6713828032e-01  3.8985605028e+00 -1.8858395799e+00 -5.5622817173e-01 -3.4826304989e+00 -2.1543824560e-01 -2.8796571186e+00 -2.4741360093e+00  6.8891823478e-01 -4.0254273000e+00 -3.3626104309e+00  1.5443580019e+00 -2.7342221202e+00 -5.7488429956e-01 -4.7360740204e-01 -3.4890596536e+00
ENERGY -4.723494788243e+02

JOB 10
COORDS  1.8740236652e+00 -1.1905876469e+00  6.0983506479e-02  8.8525021105e-01 -3.7925020413e-01 -4.4459308004e-01  2.9109861057e+00 -1.6743360578e+00 -8.8043487079e-01  6.2895839412e-01 -5.0401925550e-01 -1.9038652240e+00 -1.6508734906e+00  5.1773941213e-01 -2.0216800633e+00 -2.8223121646e+00  6.3629397921e-01 -2.9794519414e+00  2.7110018745e+00 -1.2677369583e+00 -2.1075142253e+00  1.3806407917e+00 -1.4204377837e+00 -2.4655578247e+00 -5.6272582907e-01 -1.7245806614e-01 -2.5394484193e+00 -1.6716487196e+00  9.8131764996e-01 -8.8912046703e-01  1.9947714116e+00 -1.3112965843e+00  1.1334254164e+00  2.2416325788e-01  2.0235382259e-01  1.8443806924e-01  3.9339729120e+00 -1.8586225777e+00 -5.5577459768e-01 -3.4984003842e+00 -2.1050244012e-01 -2.8190585789e+00 -2.5180856408e+00  6.3774178490e-01 -4.0299954453e+00 -3.3675038245e+00  1.5534579202e+00 -2.7538099123e+00 -6.0487544529e-01 -5.0999595169e-01 -3.4959837895e+00
ENERGY -4.723170246583e+02

