-7.539037303183739568e-03
-7.196711999824505213e-02
3.391035018855081268e-02
-3.286332051011355698e-02
6.753750902746835649e-02
-1.739965486114589122e-02
4.134410592492873682e-02
-3.133751294657358133e-02
8.982846759667088843e-03
-3.411213500213140098e-02
3.687169313406917295e-03
-6.355242632745444244e-03
-6.493173997255915521e-03
5.160555879430261950e-02
5.489346743531248185e-02
9.250055809948646429e-03
3.059277787413936314e-02
8.250507674311055584e-04
5.941470911709175948e-03
-3.606520874476327500e-03
-5.727968455024197089e-03
8.546586102072614363e-03
8.035608415962126796e-04
-7.115711460084145519e-03
-5.073175376895506204e-03
1.529429479851284954e-02
-2.871352364590164468e-19
4.833034109587495359e-19
2.398546472185548572e-03
-4.754469812838686693e-02
4.094328124526990659e-03
-5.353719135896752024e-02
1.602835158234137275e-02
3.561413991628865211e-03
