-1.007795481323749132e-02
-8.834825240826550685e-02
3.016777073160813172e-02
-2.995361239612592472e-02
8.007573180278257374e-02
-1.586666280531977974e-02
5.968502807554598028e-02
-1.929819594066257971e-02
7.260047683223481638e-04
-4.511573116647073917e-02
2.669436723990560936e-03
-2.416951634764196583e-03
-1.477124590574408272e-02
1.114461424275315152e-02
6.885799658140033530e-02
6.001457572024570912e-03
2.984122451175856908e-02
2.492517985231213970e-03
9.313725066007808723e-03
7.807147156924199721e-03
-6.069915459238114930e-03
1.515420592313407658e-02
-1.143517829895276776e-03
-4.957527051425930989e-03
-6.499851334251351490e-03
1.807060017880866495e-02
-1.594855468567284146e-18
5.196192991467679375e-19
8.329697752125220234e-03
-3.637183020690498009e-02
4.139569424527683034e-03
-4.892269270963229416e-02
2.053411539095365348e-02
4.318857772274303265e-03
