-3.773844238534690421e-03
-5.206324913366563306e-02
-1.093551483897315345e-02
-1.658297365379031441e-02
9.941696587195680834e-02
-2.425105414246945049e-02
4.716859847630096303e-02
-1.083437101024866886e-02
1.170470326988641216e-02
-3.393340745938539654e-02
1.074925092422368902e-02
-1.847910097458825215e-03
-2.699864539627451834e-02
8.367278338765795492e-03
9.105109229417407413e-02
1.652820004841580852e-03
5.290260074264847845e-02
-8.622209188052509798e-04
3.122946069484800261e-02
1.085966745298014464e-02
6.507675620620973107e-03
1.943816733728244428e-02
8.306905714153163534e-03
-3.577076323698886052e-03
-1.543090338190159817e-02
1.018955011771724602e-02
-2.344185732164504972e-18
1.860709125344557361e-18
3.200400882445052914e-02
-2.220267553332726934e-02
1.847746506105192241e-02
-4.293496874766879190e-02
1.161790827160411738e-02
1.065961239745441200e-03
