-1.133931918173447344e-02
-8.262245914122126611e-02
3.337794294006489471e-02
-3.121966439236681379e-02
6.536354323903181829e-02
-1.543303547866884187e-02
3.726717257449303072e-02
-2.667505104328190060e-02
1.340853796214906864e-02
-3.128191118958668915e-02
3.548397593232117085e-03
-6.942899518934630282e-03
-5.260419627859547025e-03
2.899465798142561099e-02
6.010511655731257119e-02
4.710560889461426308e-03
3.349936229425881651e-02
-2.251166824150793375e-04
5.657326231432242142e-03
-3.806191095039094217e-04
-5.629649691123448860e-03
1.027036652980444290e-02
-1.344586432727253597e-03
-7.664590634585133344e-03
-2.143359816904879742e-03
1.943774366561816166e-02
2.415930708032712699e-18
6.499364671954854205e-19
4.573049655965560553e-03
-4.566861905432132579e-02
3.885530492916283198e-03
-5.250625027730278227e-02
1.986027186522680218e-02
4.464815773554849099e-03
