-8.211799556183859913e-03
-8.903881906050765960e-02
2.180993112020709890e-02
-2.743914517739248771e-02
8.086909787402235539e-02
-1.745342067811464157e-02
5.537640944301207291e-02
-1.689952568912952979e-02
5.702538097048414495e-03
-3.491230457585352970e-02
1.202505706395878143e-02
8.283337067978161286e-04
-1.625109452686955558e-02
7.979849109651651271e-04
7.286749508110768048e-02
6.722327883070510976e-03
3.468049988465755906e-02
7.555523929954905803e-04
1.297721306236954142e-02
1.100520944241997756e-02
-2.512423943185525081e-03
1.605340963851916575e-02
2.228987608551498238e-03
-3.352048587695235192e-03
-2.883982230188767565e-03
1.385238629136502884e-02
2.088014981088399838e-18
7.687867986202760327e-18
1.320786913047917316e-02
-3.225008608602190213e-02
5.236463025319501932e-03
-4.794632005423178633e-02
1.472039100261282596e-02
3.880109876780730559e-03
