-1.583006873992163360e-02
-8.726820764490136884e-02
2.990978080668687047e-02
-3.021812444046031998e-02
6.310734199607809236e-02
-1.550446999051483324e-02
5.241696830950840630e-02
-2.094124121667925720e-02
1.704840505541187906e-03
-4.880566803666358533e-02
4.000012558564998780e-03
3.755621738089844237e-05
-1.273171731779868150e-02
1.649612728471058429e-02
6.165531530182059849e-02
5.147310396941550369e-03
2.560238724567464111e-02
4.975763281383706500e-03
1.054925554998701123e-02
7.856553635418679973e-03
-2.899826638094649481e-03
1.412542510185466060e-02
-4.140332661951666264e-03
-7.041502467830489456e-03
-8.895300995836007488e-03
1.467235069975712791e-02
2.387909540443670835e-18
-4.091531059475755449e-19
2.035518826501909496e-03
-4.602255351041152631e-02
5.551997734158147825e-03
-4.984563246341320447e-02
1.508363067100236370e-02
4.592405814167228352e-03
