-1.447640185165066998e-02
-8.144214398615519379e-02
3.174855585902980337e-02
-3.151153643390676440e-02
5.573335117814901679e-02
-1.463585501534886597e-02
3.235947924436220757e-02
-3.267766070056302152e-02
8.471690973894311152e-03
-4.268201668779576796e-02
8.522156955606017626e-04
-1.950981412930375726e-03
6.481668107999188910e-04
4.542547864959254472e-02
5.531634807006043097e-02
1.072850271992346199e-02
2.608404025261141720e-02
3.199632626967690869e-03
3.965019872853394779e-03
-5.242921580189633529e-03
-5.502641033060754611e-03
6.564958897419545004e-03
-8.358129438687490146e-04
-6.676117685323793884e-03
-9.698491128065753371e-04
2.183955493739813888e-02
-1.153103188717833620e-20
-1.334390166524789013e-19
3.844955373811342284e-03
-4.793104996908456594e-02
5.031711058373085355e-03
-5.409774723759935150e-02
1.372098435723607783e-02
3.417155238036621943e-03
